 ; This file contain pc constants of interest to IDL
 impossible=  3.9084999E+37
k_B=    1.6605388377721310D-24
m_H=    1.6735325181880000D-24
 lnrho0=  0.0000000E+00
 lnTTO=  -1.098612    
 cs20=  0.3333334    
 cp=   1.000000    
mu0=    9.9999994039535522D-01
